0 0 0 0
0 1 0 0
0 2 0 0
0 3 0 0
0 4 0 0
0 5 0 0
0 6 0 0
0 7 0 0
1 0 256 0
1 1 0 0
1 2 0 0
1 3 0 0
1 4 0 0
1 5 0 0
1 6 0 0
1 7 0 0
2 0 0 0
2 1 0 0
2 2 0 0
2 3 256 0
2 4 0 0
2 5 0 0
2 6 0 0
2 7 0 0
3 0 256 0
3 1 256 0
3 2 256 0
3 3 256 0
3 4 256 0
3 5 256 0
3 6 256 0
3 7 256 0
4 0 -256 0
4 1 -256 0
4 2 -256 0
4 3 -256 0
4 4 -256 0
4 5 -256 0
4 6 -256 0
4 7 -256 0
5 0 256 0
5 1 -256 0
5 2 256 0
5 3 -256 0
5 4 256 0
5 5 -256 0
5 6 256 0
5 7 -256 0
6 0 -256 0
6 1 -192 0
6 2 -128 0
6 3 -64 0
6 4 0 0
6 5 64 0
6 6 128 0
6 7 192 0
7 0 256 0
7 1 181 0
7 2 0 0
7 3 -181 0
7 4 -256 0
7 5 -181 0
7 6 0 0
7 7 181 0
8 0 192 0
8 1 136 136
8 2 0 192
8 3 -136 136
8 4 -192 0
8 5 -136 -136
8 6 0 -192
8 7 136 -136
9 0 300 -120
9 1 -271 333
9 2 128 -384
9 3 -63 211
9 4 377 19
9 5 -345 -256
9 6 42 301
9 7 -190 -77
10 0 1 -1
10 1 -1 1
10 2 1 1
10 3 -1 -1
10 4 1 1
10 5 -1 1
10 6 1 -1
10 7 -1 1
11 0 2047 0
11 1 0 0
11 2 0 0
11 3 0 0
11 4 0 0
11 5 0 0
11 6 0 0
11 7 0 0
12 0 -2048 0
12 1 0 0
12 2 0 0
12 3 0 0
12 4 0 0
12 5 0 0
12 6 0 0
12 7 0 0
13 0 2047 0
13 1 -2048 0
13 2 0 0
13 3 0 0
13 4 0 0
13 5 0 0
13 6 0 0
13 7 0 0
14 0 2047 0
14 1 0 2047
14 2 -2048 0
14 3 0 -2048
14 4 0 0
14 5 0 0
14 6 0 0
14 7 0 0
